Max-Length-MovieName = 240.0
Min-Length-MovieName = 2.0
Avg-Length-MovieName = 19.098727928796894
Max-Length-GenreName = 12.0
Min-Length-GenreName = 3.0
Avg-Length-GenreName = 6.353305343009424
